6.629538903895981772e-01 4.421829982274116944e-02
-9.512640910123635329e-01 -6.356945466042887016e-01
-5.564206286527784151e-02 5.397408726711216964e-02
2.481009327083139038e-01 -9.579975620336320663e-01
-1.701625038800369527e-01 -1.539075770424160883e-01
-7.695143880555050941e-01 4.466555983533520013e-01
7.114739448235705144e-01 -4.520898893269700292e-01
-4.741367950022923328e-01 8.000673687264410194e-01
-5.853019570022230944e-01 -6.405769577390147962e-01
1.282018299574918530e-01 6.516182210227183802e-01
